$ 1 0.000005 10.20027730826997 50 5 50 5e-11
R 304 112 304 64 0 0 40 5 0 0 0.5
r 304 112 304 240 0 1000
M 304 240 400 240 2 2.5
w 304 240 304 288 0
f 448 304 400 304 32 1.5 0.02
f 160 304 208 304 32 1.5 0.02
w 304 288 208 288 0
w 304 288 400 288 0
w 304 320 208 320 0
w 304 320 304 400 0
g 304 400 304 464 0 0
r 448 304 544 304 0 1000
r 160 304 80 304 0 1000
L 80 304 32 304 2 0 false 5 0
L 544 304 576 304 2 0 false 5 0
w 400 320 304 320 0
x 277 30 330 33 4 24 NOR
x 8 54 585 57 4 10 No\scaso\sda\slogica\sNOR,\squando\sos\sinputs\ssao\snegativos\so\soutput\sfica\spositivo.\squando\sum\sinput\sfica\spositivo\so\soutput\sfica\snegativo
x 928 38 980 41 4 24 XOR
R 960 144 960 112 0 0 40 5 0 0 0.5
r 784 240 720 240 0 1000
w 960 160 960 224 0
w 960 224 1056 224 0
w 848 224 960 224 0
g 976 512 976 592 0 0
w 960 256 960 336 0
L 720 240 720 320 2 0 false 5 0
w 960 160 960 144 0
w 1104 352 1104 240 0
M 976 464 896 464 2 2.5
L 1184 240 1216 288 2 0 false 5 0
w 1040 368 976 432 0
w 784 240 800 352 0
w 896 368 976 432 0
w 848 256 960 256 0
r 976 512 976 464 0 1000
f 1104 240 1056 240 33 1.5 0.08
f 784 240 848 240 33 1.5 0.08
w 960 256 1056 256 0
f 800 352 896 352 32 1.5 0.08
f 1104 352 1040 352 32 1.5 0.08
w 960 336 1040 336 0
w 896 336 960 336 0
r 1104 240 1184 240 0 1000
w 976 432 976 464 0
x 623 66 1234 69 4 10 No\scaso\sda\slogica\sXOR,\squando\sum\sdos\sinputs\sé\spositivo,\so\soutput\sfica\spositivo,\squando\sos\sdois\sinputs\sficam\spositivos,\so\soutput\sé\snegativo
