$ 1 0.000005 10.20027730826997 50 5 50 5e-11
r 32 224 192 224 0 1000
r 32 272 192 272 0 1000
g 304 464 304 512 0 0
w 304 208 304 144 0
w 304 240 304 256 0
f 192 224 304 224 32 1.5 0.02
f 192 272 304 272 32 1.5 0.02
R 304 144 304 48 0 0 40 5 0 0 0.5
r 304 352 304 464 0 1000
w 304 352 304 288 0
L 32 224 -48 224 2 1 false 5 0
L 32 272 -48 272 2 1 false 5 0
M 304 352 416 352 2 2.5
x 283 23 333 26 4 24 AND
x 109 39 488 42 6 10 No\scaso\sda\slogica\sAND\so\soutput\sso\sfica\spositivo\squando\sos\sdois\sinputs\sficam\spositivos
f 800 240 736 240 32 1.5 0.02
f 560 240 640 240 32 1.5 0.02
w 640 224 736 224 0
w 688 256 736 256 0
w 688 256 688 384 0
r 688 384 688 528 0 1000
g 688 528 688 592 0 0
w 640 256 688 256 0
M 688 384 816 384 2 2.5
r 560 240 480 240 0 1000
r 800 240 880 240 0 1000
L 480 240 432 240 2 1 false 5 0
L 880 240 944 240 2 0 false 5 0
R 640 224 640 128 0 0 40 5 0 0 0.5
x 623 25 659 28 4 24 OR
x 674 24 1354 27 6 10 No\scaso\sda\slogica\sOR\sapenas\sé\snecessário\sum\sdos\sinputs\sser\spositivo\spara\so\soutput\sser\spositivo,\scaso\sos\sdois\ssejam\spositivos\so\soutput\stambém\sé\spositivo
