$ 1 0.000005 10.20027730826997 50 5 50 5e-11
R 720 96 720 48 0 0 40 5 0 0 0.5
r 720 96 720 144 0 1000
f 832 192 768 192 33 1.5 0.08
f 592 192 672 192 33 1.5 0.08
w 720 144 720 176 0
w 672 176 720 176 0
w 720 176 768 176 0
w 768 208 720 208 0
w 720 208 672 208 0
w 720 208 720 256 0
f 832 272 768 272 32 1.5 0.08
f 592 272 672 272 32 1.5 0.08
w 672 256 720 256 0
w 720 256 768 256 0
w 672 288 720 288 0
w 768 288 720 288 0
w 720 288 720 336 0
g 720 336 720 400 0 0
w 592 192 592 272 0
w 832 192 832 272 0
w 592 192 528 192 0
w 832 192 912 192 0
r 912 192 976 192 0 1000
r 528 192 464 192 0 1000
L 464 192 400 192 2 0 false 5 0
L 976 192 1056 192 2 1 false 5 0
M 720 144 784 144 2 2.5
x 684 3 753 6 4 24 XNOR
x 360 14 1316 17 4 10 No\scaso\sda\slogica\sXNOR,\squando\sos\sdois\sinputs\ssão\spositivos,\so\soutput\sé\spositivo,\squando\sos\sdois\sinputs\sforem\snegativos\so\soutput\sé\spositivo,\squando\sum\sdos\sinputs\sfor\spositivo\se\soutro\sfor\snegativo,\so\soutput\sé\snegativo
